python ./computeMapWPPAS.py -v  -i ../datasets/static_singlevoice/train/000012_static_singlevoice_0_0_2/static_singlevoice.mkv -c 16


WPPAS MAP result (note: axis are inverted)
==========================================
0         -90.0     -80.0     -70.0     -60.0     -50.0     -40.0     -30.0     -20.0     -10.0      0.0       10.0      20.0      30.0      40.0      50.0      60.0   70.0   80.0   90.0
1                                                                                                                                                                                         
-45.0  0.135847  0.144154  0.190609  0.380584  0.477158  0.545574  0.559984  0.451418  0.313540  0.211348  0.111400  0.047960  0.013765  0.005885  0.001334  0.000005    0.0    0.0    0.0
-30.0  0.156207  0.196533  0.304927  0.373307  0.496718  0.592018  0.652742  0.560282  0.436382  0.319686  0.173911  0.072711  0.023178  0.008470  0.000000  0.000000    0.0    0.0    0.0
-15.0  0.126488  0.148928  0.244282  0.325276  0.455139  0.535535  0.660753  0.613121  0.458590  0.314524  0.150934  0.044195  0.017824  0.001691  0.000000  0.000000    0.0    0.0    0.0
 0.0   0.079330  0.110565  0.185718  0.288643  0.416879  0.516644  0.641270  0.603843  0.441289  0.292975  0.130524  0.038430  0.013665  0.000000  0.000000  0.000000    0.0    0.0    0.0
 15.0  0.122149  0.131089  0.163123  0.276939  0.395092  0.543949  0.691373  0.593554  0.441718  0.299817  0.144838  0.033227  0.014525  0.000236  0.000000  0.000000    0.0    0.0    0.0
 30.0  0.216553  0.236180  0.305632  0.368885  0.457837  0.631008  0.764699  0.625969  0.465078  0.321291  0.163531  0.045693  0.020947  0.003781  0.000000  0.000000    0.0    0.0    0.0
 45.0  0.309614  0.342419  0.346897  0.441976  0.583396  0.662889  0.650471  0.528200  0.408880  0.291205  0.161136  0.064122  0.025991  0.012510  0.000934  0.000000    0.0    0.0    0.0
