NOTE: using head_003 for numerical reference (no room reverb, only long HRTF for accurate convolution)

python ./computeMapWPPAS.py -v  -i ../datasets/static_singlevoice/train/000004_static_singlevoice_4_0_1/static_singlevoice.mkv -c 16

source in coord 0,0,1 (spherical)

WPPAS MAP result (note: axis are inverted)
==========================================
0         -90.0     -80.0     -70.0     -60.0     -50.0     -40.0     -30.0     -20.0     -10.0      0.0       10.0      20.0      30.0      40.0      50.0      60.0      70.0      80.0      90.0
1                                                                                                                                                                                                  
-45.0  0.012421  0.017660  0.057067  0.047793  0.123812  0.219067  0.320087  0.416279  0.517327  0.606467  0.551043  0.452744  0.338207  0.230424  0.142977  0.055369  0.026789  0.014833  0.011384
-30.0  0.000000  0.025470  0.036024  0.085958  0.097594  0.193432  0.302950  0.425701  0.547904  0.658187  0.565323  0.447233  0.335803  0.228187  0.128596  0.056410  0.036762  0.027269  0.020277
-15.0  0.000000  0.000000  0.026952  0.036252  0.053082  0.138664  0.263637  0.409033  0.562181  0.701142  0.556121  0.415121  0.281429  0.160796  0.070602  0.048480  0.032644  0.022894  0.016570
 0.0   0.000000  0.013423  0.022255  0.033400  0.048818  0.142617  0.285187  0.440948  0.616600  0.768903  0.594137  0.432950  0.281144  0.143721  0.060604  0.037848  0.023962  0.015735  0.010353
 15.0  0.000000  0.000000  0.000000  0.000000  0.038771  0.108437  0.209833  0.348877  0.541545  0.680450  0.508932  0.351832  0.224635  0.122843  0.059077  0.043087  0.036177  0.000000  0.000000
 30.0  0.000000  0.000000  0.031104  0.038387  0.070111  0.138103  0.267996  0.409983  0.554928  0.662815  0.523509  0.390413  0.221594  0.144897  0.075893  0.047096  0.039281  0.030704  0.000000
 45.0  0.000000  0.000000  0.000000  0.063400  0.103916  0.176970  0.269968  0.383891  0.525050  0.616694  0.479522  0.365093  0.265182  0.172884  0.119707  0.079748  0.058446  0.000000  0.000000
